numbers_of_features = [100, 200, 300, 400, 500, 600, 700, 800, 994]
auc_means = [0.98586884756318838, 0.98646719962732299, 0.98744222459578102, 0.98756145063614309,
             0.98750270214274805, 0.98746912037334678, 0.98753359049332257, 0.98720332046812198,
             0.98788127338263609]
auc_stds = [0.0067255007225418386, 0.007255050484076422, 0.0058244015138245592, 0.00661082593315523,
           0.0064337114622604842, 0.0067177975952370812, 0.0063350225415548887, 0.0069947779862416437,
           0.0068258748974583732]
acc_means = [0.90613002677695786, 0.91916944769580455, 0.92580250348648563, 0.92681282937464471, 0.92816245853762469,
            0.92973614966009188, 0.92872390254992376, 0.92973579578309917, 0.92782558247181679]


acc_stds = [0.0066978892405828412, 0.0066458431738004361, 0.0069111570303241826, 0.0062144582692149333,
           0.0053991005299425226, 0.0057559789951326205, 0.0054192186042130155, 0.0052176248698806516,
           0.0058896304666740135]
